date,step_count,pause(s),number_pauses,average pause(s),mood,activity_begin(s),activity_end(s),activity_length(s),true_falls,walk_duration(s),tiredness(s),speed(s),false_falls
10/6/2017,5464,120,4,30.0,200,25200,50400,25200,0,25080,0.00478468899522,0.217862838915,0
10/7/2017,6041,75,1,75.0,300,30180,65160,34980,0,34905,0.00214868929953,0.173069760779,0
10/8/2017,25,0,0,0.0,100,23400,26400,3000,0,3000,0.0,0.00833333333333,0
10/9/2017,5461,100,2,50.0,300,33780,67140,33360,0,33260,0.00300661455201,0.164191220686,0
10/10/2017,6915,380,5,76.0,300,26640,66840,40200,0,39820,0.0095429432446,0.173656454043,0
10/11/2017,4545,490,1,490.0,200,26700,60300,33600,2,33110,0.014799154334,0.137269707037,0
10/12/2017,4340,340,6,56.6666666667,200,26940,61140,34200,0,33860,0.0100413467218,0.128174837566,0
10/13/2017,1230,210,3,70.0,100,25920,43740,17820,0,17610,0.0119250425894,0.0698466780239,1
10/14/2017,61,20,2,10.0,100,36540,38160,1620,0,1600,0.0125,0.038125,1
10/15/2017,1258,109,7,15.5714285714,200,40140,56160,16020,0,15911,0.00685060649865,0.0790647979385,0
10/16/2017,3148,78,3,26.0,200,36480,57600,21120,0,21042,0.00370687197035,0.149605550803,0
10/17/2017,4687,342,2,171.0,300,22320,57900,35580,0,35238,0.0097054316363,0.133009818945,0
10/18/2017,4732,300,5,60.0,200,43500,71760,28260,0,27960,0.0107296137339,0.169241773963,0
10/19/2017,3519,100,3,33.3333333333,200,5640,75420,69780,0,69680,0.00143513203215,0.0505022962113,0
10/20/2017,1580,100,2,50.0,200,25440,53280,27840,1,27740,0.00360490266763,0.0569574621485,1
10/21/2017,2822,90,3,30.0,200,25200,48060,22860,1,22770,0.00395256916996,0.123935002196,2
10/22/2017,181,0,0,0.0,100,29340,47340,18000,1,18000,0.0,0.0100555555556,0
10/23/2017,3158,0,0,0.0,300,42300,63780,21480,0,21480,0.0,0.147020484171,0
10/24/2017,4383,124,4,31.0,300,39840,64800,24960,0,24836,0.00499275245611,0.17647769367,0
10/25/2017,3881,543,8,67.875,300,37380,66060,28680,0,28137,0.0192984326687,0.137932260014,0
10/26/2017,4037,765,5,153.0,300,36540,61800,25260,0,24495,0.0312308634415,0.164809144723,0
10/27/2017,202,90,4,22.5,100,37800,41340,3540,0,3450,0.0260869565217,0.0585507246377,0
10/28/2017,292,21,1,21.0,100,47340,50040,2700,0,2679,0.00783874580067,0.10899589399,0
10/29/2017,330,890,6,148.333333333,100,54420,57480,3060,2,2170,0.410138248848,0.152073732719,0
10/30/2017,2209,460,3,153.333333333,200,61320,68940,7620,0,7160,0.0642458100559,0.308519553073,0
10/31/2017,4550,320,2,160.0,300,43740,66240,22500,0,22180,0.014427412083,0.205139765555,0
11/1/2017,4435,345,6,57.5,200,25380,63900,38520,0,38175,0.0090373280943,0.116175507531,0
11/2/2017,4779,300,4,75.0,200,26460,62580,36120,0,35820,0.00837520938023,0.133417085427,0
11/3/2017,1831,300,3,100.0,200,22980,49740,26760,1,26460,0.0113378684807,0.0691987906274,1
11/4/2017,2255,300,9,33.3333333333,200,24300,51780,27480,0,27180,0.0110375275938,0.0829654157469,0
11/5/2017,539,300,3,100.0,100,24960,45900,20940,0,20640,0.0145348837209,0.0261143410853,0
11/6/2017,5464,900,1,900.0,300,26460,70500,44040,0,43140,0.0208623087622,0.126657394529,0
11/7/2017,6041,456,4,114.0,300,28740,74880,46140,0,45684,0.00998161281849,0.132234480343,0
11/8/2017,4068,300,2,150.0,300,35760,66060,30300,0,30000,0.01,0.1356,0
11/9/2017,4683,2345,5,469.0,200,33780,67740,33960,0,31615,0.0741736517476,0.148125889609,0
11/10/2017,4033,765,3,255.0,200,40140,73620,33480,0,32715,0.0233837689133,0.12327678435,0
11/11/2017,6314,989,4,247.25,300,27240,75540,48300,0,47311,0.0209042294604,0.133457335503,0
11/12/2017,614,0,0,0.0,100,59640,61740,2100,0,2100,0.0,0.292380952381,0
11/13/2017,3149,0,0,0.0,200,43200,67620,24420,0,24420,0.0,0.128951678952,0
11/14/2017,4005,0,0,0.0,200,28800,58140,29340,0,29340,0.0,0.136503067485,0
11/15/2017,4880,0,0,0.0,300,38040,63900,25860,0,25860,0.0,0.188708430008,0
11/16/2017,4136,300,5,60.0,200,40140,62580,22440,0,22140,0.0135501355014,0.186811201445,0
11/17/2017,705,300,4,75.0,100,28560,35880,7320,0,7020,0.042735042735,0.100427350427,0
11/18/2017,570,0,0,0.0,100,30240,63900,33660,0,33660,0.0,0.0169340463458,2
11/19/2017,269,300,5,60.0,100,27360,47340,19980,0,19680,0.015243902439,0.013668699187,0
11/20/2017,4275,300,5,60.0,300,35100,59460,24360,0,24060,0.0124688279302,0.177680798005,0
11/21/2017,5999,564,5,112.8,300,24960,70440,45480,0,44916,0.0125567726423,0.133560423902,0
11/22/2017,4421,300,6,50.0,300,22320,54540,32220,0,31920,0.0093984962406,0.138502506266,0
11/23/2017,6930,300,5,60.0,300,25980,71580,45600,0,45300,0.00662251655629,0.15298013245,0
11/24/2017,5195,300,5,60.0,300,30900,66060,35160,0,34860,0.00860585197935,0.149024670109,0
11/25/2017,546,300,3,100.0,100,46560,50400,3840,0,3540,0.0847457627119,0.154237288136,0
11/26/2017,493,300,1,300.0,100,51960,62460,10500,0,10200,0.0294117647059,0.0483333333333,0
11/27/2017,995,564,2,282.0,100,32220,43740,11520,0,10956,0.0514786418401,0.0908178167214,0
11/28/2017,1163,200,8,25.0,200,25920,48240,22320,0,22120,0.00904159132007,0.0525768535262,0
11/29/2017,6676,890,7,127.142857143,300,23640,64740,41100,0,40210,0.0221337975628,0.166028351156,0
11/30/2017,3608,300,4,75.0,300,30540,47580,17040,0,16740,0.0179211469534,0.215531660693,0
12/1/2017,774,300,3,100.0,100,29760,43740,13980,0,13680,0.0219298245614,0.0565789473684,0
12/2/2017,1421,300,6,50.0,100,27120,50940,23820,0,23520,0.0127551020408,0.0604166666667,0
12/3/2017,4064,234,2,117.0,300,22380,59640,37260,0,37026,0.00631988332523,0.109760708691,0
12/4/2017,2725,300,4,75.0,200,25200,46800,21600,0,21300,0.0140845070423,0.1279342723,0
12/5/2017,5934,300,8,1.0,300,27900,65340,37440,0,37140,0.00807754442649,0.159773828756,0
12/6/2017,1867,0,0,0.0,300,33780,40140,6360,0,6360,0.0,0.293553459119,0
12/7/2017,3721,100,1,100.0,200,36540,59700,23160,0,23060,0.00433651344319,0.161361665221,0
12/8/2017,2374,657,6,109.5,200,23340,45900,22560,0,21903,0.0299958909738,0.108386978953,0
12/9/2017,2909,200,4,50.0,200,38340,47460,9120,0,8920,0.0224215246637,0.326121076233,0
12/10/2017,1648,100,2,50.0,200,33120,46560,13440,0,13340,0.00749625187406,0.123538230885,0
12/11/2017,799,100,1,100.0,100,28860,46080,17220,0,17120,0.00584112149533,0.0466705607477,0
12/12/2017,7102,200,9,22.2222222222,300,24540,73140,48600,0,48400,0.00413223140496,0.14673553719,0
12/13/2017,3941,200,6,33.3333333333,200,22620,54000,31380,0,31180,0.00641436818473,0.12639512508,0
12/14/2017,7422,1243,8,155.375,200,22860,68640,45780,0,44537,0.0279093787188,0.166647955632,0
12/15/2017,437,908,5,181.6,100,31740,40080,8340,0,7432,0.122174381055,0.0587997847147,0
12/16/2017,1231,200,4,50.0,200,22680,42180,19500,0,19300,0.0103626943005,0.0637823834197,0
12/17/2017,1696,100,7,14.2857142857,200,32340,47460,15120,0,15020,0.00665778961385,0.112916111851,0
12/18/2017,4921,200,3,66.6666666667,300,28740,63420,34680,0,34480,0.00580046403712,0.142720417633,0
12/19/2017,221,100,3,33.3333333333,100,28140,39000,10860,0,10760,0.0092936802974,0.0205390334572,0
12/20/2017,6500,200,8,25.0,300,27540,66180,38640,0,38440,0.00520291363163,0.169094693028,1
12/21/2017,3575,200,2,100.0,300,29580,58020,28440,0,28240,0.0070821529745,0.126593484419,1
12/22/2017,4061,100,3,33.3333333333,300,29880,60180,30300,0,30200,0.00331125827815,0.134470198675,0
12/23/2017,651,100,5,20.0,300,33420,44580,11160,0,11060,0.00904159132007,0.0588607594937,0
12/24/2017,753,100,2,50.0,100,34440,43920,9480,0,9380,0.0106609808102,0.0802771855011,0
12/25/2017,518,100,6,16.6666666667,100,35760,43740,7980,0,7880,0.0126903553299,0.0657360406091,0
12/26/2017,5537,300,7,42.8571428571,300,25920,67500,41580,0,41280,0.00726744186047,0.134132751938,0
12/27/2017,4108,200,3,66.6666666667,200,24540,57660,33120,0,32920,0.00607533414338,0.124787363305,0
12/28/2017,5376,876,8,109.5,300,30900,68700,37800,0,36924,0.0237244068898,0.145596360091,0
12/29/2017,3066,0,0,0.0,200,33420,54000,20580,0,20580,0.0,0.148979591837,0
12/30/2017,177,100,9,11.1111111111,100,29580,38100,8520,0,8420,0.0118764845606,0.0210213776722,0
12/31/2017,36,0,0,0.0,100,32400,33960,1560,0,1560,0.0,0.0230769230769,0
1/1/2018,299,100,2,50.0,100,32460,36540,4080,0,3980,0.0251256281407,0.0751256281407,0
1/2/2018,1447,0,0,0.0,200,32940,36720,3780,0,3780,0.0,0.382804232804,0
1/3/2018,2599,567,9,63.0,200,35760,47280,11520,0,10953,0.0517666392769,0.237286588149,0
1/4/2018,702,100,1,100.0,100,38040,43260,5220,0,5120,0.01953125,0.137109375,0
1/5/2018,133,100,1,100.0,100,40140,43080,2940,0,2840,0.0352112676056,0.0468309859155,0
1/6/2018,153,300,3,100.0,100,41640,42660,1020,0,720,0.416666666667,0.2125,0
1/7/2018,500,200,3,66.6666666667,100,47040,51840,4800,1,4600,0.0434782608696,0.108695652174,0
1/8/2018,2127,4673,15,311.533333333,100,45900,58860,12960,2,8287,0.563895257632,0.256667068903,2
1/9/2018,2203,564,2,282.0,200,44880,65280,20400,0,19836,0.0284331518451,0.111060697721,0
1/10/2018,2000,90,7,12.8571428571,200,42960,66900,23940,0,23850,0.00377358490566,0.083857442348,0
2/2/2018,560,120,4,30.0,100,32400,36540,4140,0,4020,0.0298507462687,0.139303482587,0
3/2/2018,780,58,2,14.5,100,31680,37260,5580,0,5522,0.0105034407823,0.141253169142,0
