-0.938,4.711,9.347,0
-0.938,4.711,9.347,10
-0.938,4.711,9.347,10
-0.9,4.549,9.337,8
-0.861,4.606,9.213,10
-0.861,4.529,9.194,10
-0.919,4.635,9.318,0
-0.919,4.635,9.318,10
-0.9,4.673,9.443,10
-0.814,4.606,9.481,0
-0.814,4.606,9.481,10
-0.814,4.568,9.567,1
-0.814,4.568,9.567,10
-0.852,4.606,9.519,1
-0.852,4.606,9.519,10
-0.804,4.558,9.395,8
-0.737,4.577,9.471,1
-0.737,4.577,9.471,10
-0.737,4.549,9.49,9
-0.785,4.51,9.49,0
-0.785,4.51,9.49,10
-0.747,4.434,9.538,10
-0.775,4.453,9.366,10
-1.197,4.807,8.868,1
-1.197,4.807,8.868,10
-1.283,4.999,9.136,9
-1.331,4.884,9.241,2
-1.331,4.884,9.241,10
-1.187,4.884,9.088,8
-1.12,4.75,9.203,2
-1.12,4.75,9.203,10
-1.101,4.75,9.337,9
-1.063,4.778,9.184,1
-1.063,4.778,9.184,10
-0.957,4.692,9.232,9
-0.986,4.683,9.356,2
-0.986,4.683,9.356,10
-0.976,4.683,9.289,7
-0.9,4.587,9.28,1
-0.9,4.587,9.28,10
-0.842,4.558,9.308,9
-0.938,4.558,9.261,10
-0.938,4.597,9.222,10
-0.976,4.635,9.213,0
-0.976,4.635,9.213,10
-0.996,4.616,9.117,10
-0.986,4.597,9.079,1
-0.986,4.597,9.079,10
-0.89,4.597,9.05,1
-0.89,4.597,9.05,10
-0.919,4.587,9.031,8
-0.861,4.606,9.04,10
-0.976,4.616,9.117,0
-0.976,4.616,9.117,10
-0.938,4.635,9.127,10
-0.948,4.635,9.232,4
-0.948,4.635,9.232,10
-1.024,4.692,9.366,6
-0.986,4.683,9.395,1
-0.986,4.683,9.395,10
-1.043,4.692,9.337,0
-1.043,4.692,9.337,10
-1.005,4.75,9.203,9
-1.005,4.74,9.203,0
-1.005,4.74,9.203,10
-0.996,4.692,9.299,10
-1.053,4.74,9.308,0
-1.053,4.74,9.308,10
-1.101,4.798,9.184,1
-1.101,4.798,9.184,10
-0.967,4.721,9.347,1
-0.967,4.721,9.347,10
-0.948,4.692,9.337,9
-0.938,4.702,9.385,9
-0.938,4.702,9.28,2
-0.938,4.702,9.28,10
-0.89,4.692,9.165,8
-0.938,4.664,9.174,2
-0.938,4.664,9.174,10
-0.938,4.683,9.308,0
-0.938,4.683,9.308,10
-0.948,4.683,9.299,9
-0.986,4.74,9.28,10
-0.948,4.721,9.146,9
-0.957,4.721,9.021,10
-0.823,4.606,8.973,2
-0.823,4.606,8.973,10
-0.89,4.616,8.983,8
-0.976,4.683,9.04,1
-0.976,4.683,9.04,10
-1.015,4.711,9.107,9
-0.996,4.664,9.155,2
-0.996,4.664,9.155,10
-0.9,4.654,9.222,8
-0.871,4.625,9.232,2
-0.871,4.625,9.232,10
-0.881,4.664,9.308,8
-0.804,4.606,9.136,0
-0.804,4.606,9.136,10
-0.909,4.644,9.241,4
-0.909,4.644,9.241,10
-0.842,4.673,9.222,6
-0.9,4.692,9.308,10
-0.814,4.664,9.308,3
-0.814,4.664,9.308,10
-0.852,4.673,9.261,8
-0.823,4.711,9.241,10
-0.794,4.74,9.261,9
-0.814,4.702,9.174,0
-0.814,4.702,9.174,10
-0.861,4.769,9.069,10
-0.861,4.75,8.983,10
-0.833,4.759,9.002,0
-0.833,4.759,9.002,10
-0.948,4.769,9.146,10
-0.986,4.778,9.213,0
-0.986,4.778,9.213,10
-1.005,4.75,9.376,0
-1.005,4.75,9.376,10
-0.928,4.75,9.261,10
-0.976,4.711,9.222,0
-0.976,4.711,9.222,10
-1.034,4.74,9.27,10
-1.015,4.759,9.241,0
-1.015,4.759,9.241,10
-0.967,4.75,9.328,10
-0.861,4.778,9.194,0
-0.861,4.778,9.194,10
-0.861,4.75,9.203,0
-0.861,4.75,9.203,10
-0.814,4.702,9.098,10
-0.928,4.702,9.088,0
-0.928,4.702,9.088,10
-0.89,4.683,9.098,10
-0.871,4.673,9.079,0
-0.871,4.673,9.079,10
-0.861,4.664,9.174,10
-0.948,4.635,9.184,10
-0.948,4.664,9.261,0
-0.948,4.664,9.261,10
-0.938,4.673,9.241,10
-0.89,4.625,9.289,0
-0.89,4.625,9.289,10
-0.909,4.692,9.232,10
-0.9,4.692,9.194,10
-0.833,4.673,9.05,0
-0.833,4.673,9.05,10
-0.871,4.692,9.069,0
-0.871,4.692,9.069,10
-0.871,4.683,9.002,0
-0.871,4.683,9.002,10
-0.938,4.74,9.136,0
-0.938,4.74,9.136,10
-0.986,4.731,9.079,1
-0.986,4.731,9.079,10
-0.986,4.721,9.174,9
-1.015,4.731,9.222,10
-1.005,4.75,9.136,0
-1.005,4.75,9.136,10
-0.996,4.788,9.146,0
-0.996,4.788,9.146,10
-0.871,4.711,9.261,10
-0.833,4.75,9.308,7
-0.833,4.75,9.308,10
-0.909,4.759,9.318,3
-0.928,4.778,9.299,10
-0.957,4.807,9.385,6
-0.957,4.807,9.385,10
-0.957,4.778,9.232,4
-0.909,4.759,9.289,10
-0.89,4.798,9.232,10
-0.938,4.778,9.203,10
-0.909,4.759,9.203,0
-0.909,4.759,9.203,10
-0.928,4.759,9.28,10
-0.919,4.759,9.289,0
-0.919,4.759,9.289,10
-0.967,4.731,9.299,10
-0.9,4.683,9.213,10
-0.852,4.702,9.117,0
-0.852,4.702,9.117,10
-0.919,4.711,9.021,10
-1.015,4.721,9.031,10
-0.976,4.731,8.973,0
-0.976,4.731,8.973,10
-0.89,4.673,8.945,10
-0.89,4.654,9.107,0
-0.89,4.654,9.107,10
-0.871,4.644,9.04,10
-0.833,4.616,9.194,0
-0.833,4.616,9.194,10
-0.823,4.683,9.194,0
-0.823,4.683,9.194,10
-0.823,4.711,9.184,10
-0.842,4.711,9.088,0
-0.842,4.711,9.088,10
-0.823,4.711,9.05,1
-0.823,4.711,9.05,10
-0.833,4.731,9.079,9
-0.842,4.778,9.194,0
-0.842,4.778,9.194,10
-0.842,4.788,9.127,10
-0.986,4.798,9.28,0
-0.986,4.798,9.28,10
-1.005,4.778,9.261,1
-1.005,4.778,9.261,10
-0.919,4.788,9.241,9
-0.938,4.807,9.27,0
-0.938,4.807,9.27,10
-0.986,4.788,9.241,10
-1.063,4.865,9.127,0
-1.063,4.865,9.127,10
-0.948,4.846,9.069,0
-0.948,4.846,9.069,10
-0.823,4.807,9.127,0
-0.823,4.807,9.127,10
-0.804,4.778,9.031,10
-0.823,4.788,8.542,0
-0.823,4.788,8.542,10
-0.775,4.778,8.935,0
-0.775,4.778,8.935,10
-0.775,4.778,8.935,10
-0.9,4.769,8.916,10
-0.948,4.731,8.59,0
-0.948,4.731,8.59,10
-1.187,4.922,8.609,10
-1.158,4.769,8.983,0
-1.158,4.769,8.983,10
-1.091,4.711,9.069,2
-1.091,4.711,9.069,10
-0.89,4.673,8.801,8
-0.737,4.51,9.634,0
-0.737,4.51,9.634,10
-0.565,4.434,10.094,10
-0.373,4.319,9.921,10
-0.21,4.472,9.222,4
-0.21,4.472,9.222,10
-0.22,4.386,9.174,6
-0.363,4.367,9.557,0
-0.363,4.367,9.557,10
-0.517,4.529,9.385,10
-0.363,4.491,9.165,0
-0.363,4.491,9.165,10
-0.565,4.309,8.906,0
-0.565,4.309,8.906,10
-0.507,4.28,9.107,10
-0.507,4.146,9.28,10
-0.574,4.185,9.27,0
-0.574,4.185,9.27,10
-0.785,4.357,9.232,10
-0.785,4.501,9.529,0
-0.785,4.501,9.529,10
-0.948,4.472,9.73,10
-0.833,4.51,9.692,10
-0.814,4.453,9.73,0
-0.814,4.453,9.73,10
-0.737,4.386,9.739,10
-0.814,4.443,9.672,0
-0.814,4.443,9.672,10
-0.833,4.549,9.557,0
-0.833,4.549,9.557,10
-0.852,4.52,9.605,10
-0.794,4.491,9.605,0
-0.794,4.491,9.605,10
-0.727,4.462,9.548,10
-0.747,4.462,9.586,0
-0.747,4.462,9.586,10
-0.737,4.424,9.663,0
-0.737,4.424,9.663,10
-0.66,4.424,9.644,10
-0.699,4.395,9.682,0
-0.699,4.395,9.682,10
-0.785,4.453,9.672,10
-0.766,4.415,9.682,0
-0.766,4.415,9.682,10
-0.651,4.405,9.5,0
-0.651,4.405,9.5,10
-0.794,4.386,9.5,2
-0.794,4.386,9.5,10
-0.794,4.462,9.385,8
-0.727,4.395,9.395,10
-0.747,4.386,9.49,0
-0.747,4.386,9.49,10
-0.737,4.367,9.423,10
-0.699,4.405,9.337,0
-0.699,4.405,9.337,10
-0.699,4.338,9.318,10
-0.67,4.328,9.241,0
-0.67,4.328,9.241,10
-0.632,4.309,9.376,10
-0.66,4.395,9.452,0
-0.66,4.395,9.452,10
-0.612,4.376,9.471,10
-0.699,4.434,9.625,0
-0.699,4.434,9.625,10
-0.565,4.376,9.51,10
-0.794,4.367,9.529,0
-0.794,4.367,9.529,10
-0.632,4.443,9.596,10
-0.584,4.348,9.567,0
-0.584,4.348,9.567,10
-0.593,4.328,9.538,10
-0.641,4.357,9.395,0
-0.641,4.357,9.395,10
-0.584,4.328,9.232,10
-0.574,4.271,9.376,10
-0.603,4.185,9.414,0
-0.603,4.185,9.414,10
-0.632,4.319,9.423,0
-0.632,4.319,9.423,10
-0.66,4.338,9.423,0
-0.66,4.338,9.423,10
-0.66,4.338,9.462,10
-0.67,4.338,9.395,10
-0.708,4.405,9.529,0
-0.708,4.405,9.529,10
-0.756,4.405,9.538,10
-0.67,4.405,9.519,0
-0.67,4.405,9.519,10
-0.651,4.415,9.557,0
-0.651,4.415,9.557,10
-0.641,4.328,9.596,10
-0.612,4.386,9.529,10
-0.622,4.405,9.577,0
-0.622,4.405,9.577,10
-0.622,4.405,9.577,10
-0.603,4.309,9.414,10
-0.565,4.271,9.395,10
-0.612,4.28,9.452,0
-0.612,4.28,9.452,10
-0.612,4.29,9.51,0
-0.612,4.29,9.51,10
-0.679,4.309,9.548,10
-0.612,4.3,9.586,10
-0.641,4.338,9.557,0
-0.641,4.338,9.557,10
-0.689,4.338,9.49,10
-0.718,4.395,9.538,5
-0.718,4.395,9.538,10
-0.718,4.395,9.538,5
-0.737,4.443,9.529,10
-0.66,4.386,9.548,10
-0.679,4.415,9.519,0
-0.679,4.415,9.519,10
-0.775,4.405,9.452,10
-0.689,4.367,9.49,0
-0.689,4.367,9.49,10
-0.756,4.395,9.529,10
-0.737,4.357,9.5,0
-0.737,4.357,9.5,10
-0.584,4.28,9.462,0
-0.584,4.28,9.462,10
-0.66,4.328,9.5,1
-0.66,4.328,9.5,10
-0.632,4.367,9.557,9
-0.699,4.319,9.49,0
-0.699,4.319,9.49,10
-0.708,4.367,9.5,10
-0.67,4.357,9.577,10
-0.622,4.386,9.577,0
-0.622,4.386,9.577,10
-0.536,4.309,9.519,10
-0.67,4.29,9.51,10
-0.679,4.319,9.423,0
-0.679,4.319,9.423,10
-0.689,4.348,9.49,0
-0.689,4.348,9.49,10
-0.651,4.376,9.596,10
-0.632,4.395,9.605,0
-0.632,4.395,9.605,10
-0.67,4.434,9.577,10
-0.689,4.386,9.519,0
-0.689,4.386,9.519,10
-0.603,4.395,9.529,0
-0.603,4.395,9.529,10
-0.632,4.405,9.529,10
-0.708,4.415,9.49,0
-0.708,4.415,9.49,10
-0.67,4.395,9.557,10
-0.651,4.348,9.605,0
-0.651,4.348,9.605,10
-0.651,4.319,9.481,0
-0.651,4.319,9.481,10
-0.651,4.376,9.586,10
-0.622,4.338,9.557,0
-0.622,4.338,9.557,10
-0.612,4.271,9.538,10
-0.593,4.386,9.519,0
-0.593,4.386,9.519,10
-0.651,4.357,9.538,0
-0.651,4.357,9.538,10
-0.574,4.357,9.538,10
-0.584,4.348,9.443,10
-0.555,4.328,9.471,0
-0.555,4.328,9.471,10
-0.632,4.233,9.452,0
-0.632,4.233,9.452,10
-0.545,4.338,9.385,10
-0.593,4.29,9.376,10
-0.574,4.261,9.49,10
-0.593,4.367,9.452,0
-0.593,4.367,9.452,10
-0.632,4.309,9.356,0
-0.632,4.309,9.356,10
-0.565,4.328,9.443,10
-0.651,4.319,9.423,10
-0.536,4.357,9.481,0
-0.536,4.357,9.481,10
-0.632,4.386,9.452,10
-0.584,4.415,9.404,0
-0.584,4.415,9.404,10
-0.555,4.376,9.385,10
-0.498,4.328,9.318,0
-0.498,4.328,9.318,10
-0.536,4.338,9.443,10
-0.679,4.338,9.519,0
-0.679,4.338,9.519,10
-0.651,4.405,9.462,0
-0.651,4.405,9.462,10
-0.679,4.367,9.557,10
-0.708,4.395,9.567,10
-0.679,4.386,9.605,0
-0.679,4.386,9.605,10
-0.622,4.348,9.529,0
-0.622,4.348,9.529,10
-0.593,4.319,9.462,10
-0.555,4.367,9.49,0
-0.555,4.367,9.49,10
-0.574,4.3,9.49,0
-0.574,4.3,9.49,10
-0.603,4.348,9.404,10
-0.536,4.357,9.366,0
-0.536,4.357,9.366,10
-0.517,4.328,9.443,10
-0.574,4.376,9.5,0
-0.574,4.376,9.5,10
-0.603,4.367,9.577,0
-0.603,4.367,9.577,10
-0.593,4.395,9.663,10
-0.593,4.395,9.663,10
-0.603,4.386,9.577,10
-0.574,4.338,9.481,10
-0.66,4.415,9.529,0
-0.66,4.415,9.529,10
-0.622,4.376,9.49,0
-0.622,4.376,9.49,10
-0.641,4.395,9.538,0
-0.641,4.395,9.538,10
-0.641,4.453,9.519,10
-0.622,4.376,9.462,10
-0.574,4.395,9.51,10
-0.612,4.415,9.5,0
-0.612,4.415,9.5,10
-0.555,4.424,9.462,0
-0.555,4.424,9.462,10
-0.641,4.367,9.49,0
-0.641,4.367,9.49,10
-0.603,4.501,9.414,10
-0.593,4.357,9.414,10
-0.593,4.357,9.414,10
-0.555,4.386,9.414,0
-0.555,4.386,9.414,10
-0.593,4.405,9.452,0
-0.593,4.405,9.452,10
-0.584,4.376,9.481,10
-0.603,4.453,9.577,10
-0.584,4.443,9.519,0
-0.584,4.443,9.519,10
-0.622,4.434,9.452,10
-0.574,4.424,9.5,1
-0.574,4.424,9.5,10
-0.565,4.405,9.471,9
-0.565,4.443,9.481,1
-0.565,4.443,9.481,10
-0.536,4.405,9.548,9
-0.622,4.453,9.548,0
-0.622,4.453,9.548,10
-0.545,4.472,9.443,10
-0.555,4.443,9.423,0
-0.555,4.443,9.423,10
-0.584,4.472,9.356,10
-0.632,4.424,9.347,1
-0.632,4.424,9.347,10
-0.632,4.424,9.423,9
-0.574,4.424,9.49,0
-0.574,4.424,9.49,10
-0.603,4.462,9.356,10
-0.421,4.376,9.222,1
-0.421,4.376,9.222,10
-0.383,4.395,9.385,9
-0.354,4.376,9.28,1
-0.354,4.376,9.28,10
-0.354,4.443,9.165,9
-0.344,4.319,9.289,0
-0.344,4.319,9.289,10
-0.421,4.185,9.519,10
-0.488,4.166,9.73,0
-0.488,4.166,9.73,10
-0.679,4.233,9.672,0
-0.679,4.233,9.672,10
-0.699,4.271,9.557,0
-0.699,4.271,9.557,10
-0.593,4.204,9.423,10
-0.545,4.146,9.232,0
-0.545,4.146,9.232,10
-0.459,4.156,9.605,10
-0.574,4.3,9.347,0
-0.574,4.3,9.347,10
-0.66,4.443,9.385,10
-0.622,4.482,9.241,0
-0.622,4.482,9.241,10
-0.641,4.434,9.308,10
-0.622,4.443,9.462,1
-0.622,4.443,9.462,10
-0.632,4.405,9.538,9
-0.651,4.395,9.51,0
-0.651,4.395,9.51,10
-0.67,4.453,9.452,10
-0.775,4.501,9.443,1
-0.775,4.501,9.443,10
-0.708,4.616,9.261,9
-0.89,4.597,9.347,1
-0.89,4.597,9.347,10
-0.833,4.683,9.5,9
-0.938,4.702,9.51,1
-0.938,4.702,9.51,10
-0.976,4.769,9.337,0
-0.976,4.769,9.337,10
-1.005,4.817,9.404,9
-1.187,4.903,9.203,0
-1.187,4.903,9.203,10
-1.245,4.893,8.983,1
-1.245,4.893,8.983,10
-1.312,4.922,9.002,1
-1.312,4.922,9.002,10
-1.321,4.893,8.925,8
-1.312,4.884,8.849,10
-1.436,4.865,8.858,0
-1.436,4.865,8.858,10
-1.484,4.826,8.839,10
-1.494,4.846,8.906,1
-1.494,4.846,8.906,10
-1.503,4.846,8.992,9
-1.561,4.884,8.935,1
-1.561,4.884,8.935,10
-1.551,4.922,8.954,9
-1.503,4.951,9.04,0
-1.503,4.951,9.04,10
-1.359,4.874,9.088,10
-1.446,4.865,9.174,1
-1.446,4.865,9.174,10
-1.34,4.836,9.184,9
-1.388,4.941,9.05,0
-1.388,4.941,9.05,10
-1.494,4.922,8.992,0
-1.494,4.922,8.992,10
-1.426,4.97,8.897,1
-1.426,4.97,8.897,10
-1.474,4.999,8.868,9
-1.513,5.028,8.81,0
-1.513,5.028,8.81,10
-1.474,4.893,8.925,10
-1.398,4.874,8.83,2
-1.398,4.874,8.83,10
-1.35,4.846,8.925,9
-1.235,4.74,9.127,9
-1.292,4.817,8.992,0
-1.292,4.817,8.992,10
-1.302,4.932,8.897,2
-1.302,4.932,8.897,10
-1.436,4.932,8.964,8
-1.446,4.922,8.858,1
-1.446,4.922,8.858,10
-1.407,4.97,8.82,9
-1.465,4.903,9.012,1
-1.465,4.903,9.012,10
-1.446,4.903,8.916,9
-1.417,4.989,8.858,2
-1.417,4.989,8.858,10
-1.407,4.989,8.83,10
-1.417,5.095,8.724,0
-1.417,5.095,8.724,10
-1.474,4.989,8.743,8
-1.446,5.075,8.6,10
-1.551,5.056,8.763,0
-1.551,5.056,8.763,10
-1.474,5.028,8.916,0
-1.474,5.028,8.916,10
-1.446,5.008,8.916,10
-1.417,4.941,8.954,3
-1.417,4.941,8.954,10
-1.446,4.97,8.849,7
-1.436,4.932,8.916,2
-1.436,4.932,8.916,10
-1.436,4.932,8.868,9
-1.388,4.951,8.897,10
-1.57,4.96,8.609,0
-1.57,4.96,8.609,10
-1.57,4.96,8.609,10
-1.484,5.104,8.609,9
-1.57,5.066,8.782,1
-1.57,5.066,8.782,10
-1.446,4.951,8.676,9
-1.379,4.941,8.743,2
-1.379,4.941,8.743,10
-1.436,4.97,8.849,8
-1.426,4.97,8.839,1
-1.426,4.97,8.839,10
-1.446,4.922,8.973,9
-1.522,5.066,8.648,2
-1.522,5.066,8.648,10
-1.455,5.075,8.743,8
-1.446,5.008,8.849,0
-1.446,5.008,8.849,10
-1.465,4.999,8.791,10
-1.436,4.97,8.83,0
-1.436,4.97,8.83,10
-1.522,4.932,8.916,10
-1.331,4.96,8.83,0
-1.331,4.96,8.83,10
-1.58,4.98,8.705,10
-1.551,5.095,8.609,1
-1.551,5.095,8.609,10
-1.637,5.066,8.81,9
-1.494,4.999,8.676,1
-1.494,4.999,8.676,10
-1.589,5.028,8.705,5
-1.589,5.028,8.705,10
-1.656,4.96,8.753,4
-1.628,5.018,8.782,10
-1.57,4.989,8.992,10
-1.695,5.037,8.542,0
-1.695,5.037,8.542,10
-1.561,5.018,8.514,10
-1.618,5.028,8.561,10
-1.388,4.846,8.581,0
-1.388,4.846,8.581,10
-1.541,4.893,8.265,0
-1.541,4.893,8.265,10
-1.561,5.066,8.399,10
-1.58,5.075,8.533,10
-1.551,5.047,8.667,0
-1.551,5.047,8.667,10
-1.608,4.989,8.667,10
-1.695,5.085,8.743,10
-1.762,5.181,8.724,3
-1.762,5.181,8.724,10
-1.857,5.171,8.801,7
-1.877,5.114,8.983,0
-1.877,5.114,8.983,10
-1.867,5.209,8.667,10
-1.695,5.209,8.973,10
-1.714,5.171,8.868,0
-1.714,5.171,8.868,10
-1.685,5.209,8.6,10
-1.848,5.229,8.533,1
-1.848,5.229,8.533,10
-1.81,5.344,8.399,9
-1.838,5.411,8.36,0
-1.838,5.411,8.36,10
-1.81,5.334,8.274,10
-1.8,5.248,8.284,0
-1.8,5.248,8.284,10
-1.819,5.181,8.351,10
-1.762,5.095,8.38,0
-1.762,5.095,8.38,10
-1.829,5.095,8.485,1
-1.829,5.095,8.485,10
-1.838,5.104,8.542,9
-1.857,5.19,8.533,10
-1.695,5.075,8.772,0
-1.695,5.075,8.772,10
-1.982,5.209,8.265,0
-1.982,5.209,8.265,10
-1.905,5.42,8.332,10
-1.934,5.277,8.485,10
-1.857,5.324,8.341,0
-1.857,5.324,8.341,10
-1.857,5.2,8.341,10
-1.848,5.19,8.37,0
-1.848,5.19,8.37,10
-1.819,5.2,8.408,10
-1.819,5.171,8.638,10
-1.877,5.277,8.523,0
-1.877,5.277,8.523,10
-1.838,5.286,8.485,0
-1.838,5.286,8.485,10
-1.915,5.248,8.475,10
-1.857,5.219,8.533,0
-1.857,5.219,8.533,10
-1.8,5.181,8.447,1
-1.8,5.181,8.447,10
-1.752,5.19,8.447,9
-1.743,5.19,8.542,0
-1.743,5.19,8.542,10
-1.81,5.296,8.466,10
-1.771,5.391,8.37,3
-1.771,5.391,8.37,10
-1.829,5.257,8.418,7
-1.79,5.257,8.456,0
-1.79,5.257,8.456,10
-1.838,5.219,8.447,0
-1.838,5.219,8.447,10
-1.838,5.286,8.427,0
-1.838,5.286,8.427,10
-1.848,5.238,8.514,0
-1.848,5.238,8.514,10
-1.733,5.296,8.399,0
-1.733,5.296,8.399,10
-1.733,5.209,8.466,10
-1.8,5.209,8.399,0
-1.8,5.209,8.399,10
-1.79,5.229,8.389,10
-1.781,5.305,8.427,0
-1.781,5.305,8.427,10
-1.81,5.277,8.408,10
-1.714,5.142,8.466,0
-1.714,5.142,8.466,10
-1.771,5.2,8.456,10
-1.733,5.248,8.494,0
-1.733,5.248,8.494,10
-1.781,5.277,8.533,10
-1.781,5.305,8.418,0
-1.781,5.305,8.418,10
-1.752,5.209,8.485,10
-1.666,5.181,8.523,0
-1.666,5.181,8.523,10
-1.695,5.267,8.514,10
-1.752,5.152,8.561,4
-1.752,5.152,8.561,10
-1.79,5.171,8.6,7
-1.704,5.19,8.561,9
-1.704,5.181,8.533,0
-1.704,5.181,8.533,10
-1.79,5.152,8.523,0
-1.79,5.152,8.523,10
-1.714,5.133,8.485,10
-1.781,5.229,8.418,0
-1.781,5.229,8.418,10
-1.79,5.229,8.447,10
-1.743,5.181,8.485,0
-1.743,5.181,8.485,10
-1.695,5.19,8.514,10
-1.695,5.219,8.514,9
-1.695,5.219,8.514,10
-1.733,5.238,8.523,2
-1.733,5.238,8.523,10
-1.695,5.104,8.456,9
-1.666,5.162,8.447,4
-1.666,5.162,8.447,10
-1.628,5.162,8.456,7
-1.618,5.104,8.619,9
-1.618,5.085,8.609,0
-1.618,5.085,8.609,10
-1.551,5.085,8.6,10
-1.685,5.114,8.552,0
-1.685,5.114,8.552,10
-1.695,5.152,8.523,10
-1.743,5.142,8.466,0
-1.743,5.142,8.466,10
-1.743,5.152,8.408,0
-1.743,5.152,8.408,10
-1.685,5.075,8.533,0
-1.685,5.075,8.533,10
-1.676,5.047,8.571,10
-1.704,5.162,8.523,10
-1.685,5.075,8.648,0
-1.685,5.075,8.648,10
-1.685,5.133,8.552,0
-1.685,5.133,8.552,10
-1.714,5.209,8.59,10
-1.733,5.181,8.6,10
-1.752,5.123,8.657,10
-1.714,5.209,8.571,0
-1.714,5.209,8.571,10
-1.752,5.171,8.533,10
-1.762,5.152,8.581,5
-1.762,5.152,8.581,10
-1.781,5.181,8.494,5
-1.752,5.181,8.542,1
-1.752,5.181,8.542,10
-1.8,5.162,8.523,9
-1.714,5.123,8.427,0
-1.714,5.123,8.427,10
-1.666,5.142,8.485,10
-1.704,5.085,8.533,10
-1.743,5.142,8.523,0
-1.743,5.142,8.523,10
-1.771,5.238,8.561,0
-1.771,5.238,8.561,10
-1.704,5.104,8.648,10
-1.685,5.181,8.715,0
-1.685,5.181,8.715,10
-1.723,5.19,8.629,10
-1.743,5.104,8.715,10
-1.714,5.209,8.581,0
-1.714,5.209,8.581,10
-1.743,5.209,8.542,10
-1.819,5.162,8.59,0
-1.819,5.162,8.59,10
-1.79,5.171,8.523,10
-1.781,5.123,8.523,0
-1.781,5.123,8.523,10
-1.752,5.114,8.59,10
-1.733,5.085,8.59,10
-1.79,5.181,8.629,10
-1.762,5.152,8.552,0
-1.762,5.152,8.552,10
-1.762,5.162,8.533,10
-1.829,5.19,8.542,10
-1.752,5.219,8.437,0
-1.752,5.219,8.437,10
-1.79,5.152,8.571,2
-1.79,5.152,8.571,10
-1.743,5.123,8.59,8
-1.819,5.181,8.629,0
-1.819,5.181,8.629,10
-1.743,5.229,8.494,0
-1.743,5.229,8.494,10
-1.771,5.219,8.59,0
-1.771,5.219,8.59,10
-1.723,5.219,8.561,9
-1.723,5.219,8.561,10
-1.771,5.2,8.542,1
-1.771,5.2,8.542,10
-1.781,5.181,8.466,0
-1.781,5.181,8.466,10
-1.781,5.181,8.447,10
-1.771,5.162,8.514,0
-1.771,5.162,8.514,10
-1.733,5.181,8.475,10
-1.762,5.142,8.494,0
-1.762,5.142,8.494,10
-1.695,5.181,8.523,2
-1.695,5.181,8.523,10
-1.656,5.142,8.6,8
-1.685,5.171,8.571,0
-1.685,5.171,8.571,10
-1.628,5.209,8.561,0
-1.628,5.209,8.561,10
-1.599,5.123,8.533,0
-1.599,5.123,8.533,10
-1.656,5.171,8.533,1
-1.656,5.171,8.533,10
-1.685,5.152,8.533,9
-1.647,5.123,8.581,0
-1.647,5.123,8.581,10
-1.589,5.056,8.466,1
-1.589,5.056,8.466,10
-1.656,5.085,8.59,0
-1.656,5.085,8.59,10
-1.656,5.095,8.514,9
-1.685,5.2,8.447,1
-1.685,5.2,8.447,10
-1.752,5.181,8.427,9
-1.666,5.171,8.514,0
-1.666,5.171,8.514,10
-1.618,5.066,8.475,1
-1.618,5.066,8.475,10
-1.589,5.056,8.485,10
-1.618,5.085,8.514,9
-1.733,5.181,8.475,10
-1.714,5.171,8.475,0
-1.714,5.171,8.475,10
-1.714,5.2,8.514,10
-1.743,5.2,8.514,0
-1.743,5.2,8.514,10
-1.752,5.181,8.542,10
-1.685,5.286,8.408,1
-1.685,5.286,8.408,10
-1.781,5.133,8.552,9
-1.656,5.219,8.437,1
-1.656,5.219,8.437,10
-1.685,5.19,8.619,1
-1.685,5.19,8.619,10
-1.628,5.248,8.552,8
-1.637,5.286,8.561,1
-1.637,5.286,8.561,10
-1.58,5.238,8.581,9
-1.532,5.162,8.561,10
-1.513,5.123,8.638,5
-1.513,5.123,8.638,10
-1.522,5.209,8.485,5
-1.628,5.142,8.523,1
-1.628,5.142,8.523,10
-1.656,5.095,8.542,9
-1.676,5.123,8.542,10
-1.647,5.181,8.552,6
-1.647,5.181,8.552,10
-1.647,5.181,8.552,4
-1.685,5.171,8.456,10
-1.628,5.133,8.475,0
-1.628,5.133,8.475,10
-1.618,5.123,8.542,10
-1.733,5.2,8.571,6
-1.733,5.2,8.571,10
-1.666,5.142,8.59,4
-1.666,5.142,8.59,10
-1.656,5.056,8.629,10
-1.676,5.19,8.542,0
-1.676,5.19,8.542,10
-1.714,5.114,8.523,10
-1.637,5.095,8.494,0
-1.637,5.095,8.494,10
-1.656,5.085,8.59,10
-1.666,5.19,8.533,0
-1.666,5.19,8.533,10
-1.704,5.152,8.6,10
-1.695,5.238,8.494,10
-1.608,5.219,8.533,10
-1.666,5.209,8.542,0
-1.666,5.209,8.542,10
-1.628,5.123,8.523,10
-1.608,5.229,8.485,0
-1.608,5.229,8.485,10
-1.637,5.2,8.514,10
-1.647,5.209,8.533,0
-1.647,5.209,8.533,10
-1.685,5.114,8.59,10
-1.704,5.171,8.494,0
-1.704,5.171,8.494,10
-1.733,5.2,8.561,5
-1.733,5.2,8.561,10
-1.676,5.209,8.485,5
-1.714,5.142,8.485,10
-1.723,5.133,8.6,0
-1.723,5.133,8.6,10
-1.666,5.2,8.475,10
-1.685,5.162,8.494,6
-1.685,5.162,8.494,10
-1.714,5.2,8.447,4
-1.714,5.2,8.447,10
-1.743,5.181,8.38,0
-1.743,5.181,8.38,10
-1.743,5.19,8.36,10
-1.647,5.066,8.427,8
-1.647,5.066,8.427,10
-1.647,5.066,8.427,3
-1.714,5.037,8.523,9
-1.886,5.104,8.724,0
-1.886,5.104,8.724,10
-1.896,5.209,8.475,0
-1.896,5.209,8.475,10
-1.733,5.248,7.594,4
-1.733,5.248,7.594,10
-1.848,5.162,6.991,7
-2.212,5.028,8.925,9
-2.0,5.372,8.485,0
-2.0,5.372,8.485,10
-2.154,5.372,8.964,10
-2.087,5.411,9.5,0
-2.087,5.411,9.5,10
-1.934,5.401,8.743,0
-1.934,5.401,8.743,10
-1.647,5.449,8.187,10
-1.81,5.439,8.236,0
-1.81,5.439,8.236,10
-1.81,5.42,8.494,0
-1.81,5.42,8.494,10
-1.743,5.344,8.6,10
-1.714,5.133,8.648,10
-1.857,5.047,8.753,1
-1.857,5.047,8.753,10
-2.0,5.114,8.638,9
-2.106,5.277,8.542,0
-2.106,5.277,8.542,10
-2.059,5.516,8.37,10
-1.695,5.324,8.37,0
-1.695,5.324,8.37,10
-1.139,5.133,7.987,0
-1.139,5.133,7.987,10
-0.996,4.951,7.814,10
-1.063,4.865,8.111,0
-1.063,4.865,8.111,10
-1.139,4.922,8.59,10
-1.292,4.999,8.37,0
-1.292,4.999,8.37,10
-1.436,4.999,8.312,1
-1.436,4.999,8.312,10
-1.561,4.999,8.351,9
-1.704,5.056,8.408,0
-1.704,5.056,8.408,10
-1.628,5.142,8.447,10
-1.541,5.2,8.332,0
-1.541,5.2,8.332,10
-1.359,5.047,8.236,10
-1.302,5.037,8.284,10
-1.302,4.951,8.638,10
-1.398,5.008,8.916,0
-1.398,5.008,8.916,10
-1.426,4.96,9.088,10
-1.34,4.932,9.452,2
-1.34,4.932,9.452,10
-1.359,5.028,9.529,8
-1.359,4.893,9.644,10
-1.331,4.97,9.308,0
-1.331,4.97,9.308,10
-1.206,4.903,8.686,0
-1.206,4.903,8.686,10
-1.34,4.989,8.408,3
-1.34,4.989,8.408,10
-1.503,5.008,8.791,7
-1.503,5.008,8.791,10
-1.599,5.018,8.801,2
-1.599,5.018,8.801,10
-1.503,4.932,8.839,9
-1.407,4.778,9.318,2
-1.407,4.778,9.318,10
-1.273,4.74,9.404,7
-1.158,4.683,9.404,10
-1.005,4.606,9.577,10
-0.823,4.539,9.222,1
-0.823,4.539,9.222,10
-1.024,4.711,9.031,0
-1.024,4.711,9.031,10
-1.197,4.903,9.136,1
-1.197,4.903,9.136,10
-1.235,4.865,8.868,8
-1.235,4.865,8.868,10
-1.235,4.865,8.868,10
-1.216,4.778,9.04,3
-1.216,4.778,9.04,10
-1.273,4.817,8.868,7
-1.264,4.893,8.887,0
-1.264,4.893,8.887,10
-1.216,4.836,9.155,10
-1.168,4.721,9.337,0
-1.168,4.721,9.337,10
-1.082,4.644,9.529,10
-1.082,4.644,9.529,10
-1.177,4.721,9.012,10
-1.177,4.721,9.012,10
-1.264,4.759,8.992,2
-1.264,4.759,8.992,10
-1.283,4.778,8.858,9
-1.359,4.75,8.935,10
-1.417,4.788,8.906,9
-1.379,4.865,8.753,0
-1.379,4.865,8.753,10
-1.379,4.836,9.069,10
-1.292,4.74,9.136,10
-1.139,4.692,8.973,0
-1.139,4.692,8.973,10
-1.043,4.711,9.098,10
-1.187,4.664,9.194,1
-1.187,4.664,9.194,10
-1.024,4.731,9.27,9
-0.996,4.75,9.079,10
-0.957,4.731,9.031,0
-0.957,4.731,9.031,10
-0.928,4.654,9.127,10
-0.909,4.568,8.973,10
-0.957,4.654,9.184,0
-0.957,4.654,9.184,10
-1.091,4.683,9.337,10
-1.12,4.721,9.337,10
-1.053,4.759,9.213,0
-1.053,4.759,9.213,10
-1.091,4.721,9.155,1
-1.091,4.721,9.155,10
-0.996,4.711,9.05,9
-0.948,4.759,9.05,10
-1.063,4.826,9.088,0
-1.063,4.826,9.088,10
-0.967,4.75,9.28,10
-0.967,4.75,9.28,10
-1.005,4.711,9.174,0
-1.005,4.711,9.174,10
-1.005,4.711,9.174,10
-1.12,4.75,9.194,0
-1.12,4.75,9.194,10
-1.206,4.865,9.069,10
-1.235,4.855,8.868,0
-1.235,4.855,8.868,10
-1.302,4.913,8.629,0
-1.302,4.913,8.629,10
-1.321,4.913,8.782,10
-1.369,4.893,9.021,0
-1.369,4.893,9.021,10
-1.359,4.865,9.098,0
-1.359,4.865,9.098,10
-1.35,4.913,9.012,10
-1.053,4.788,9.021,10
-1.063,4.711,9.05,0
-1.063,4.711,9.05,10
-1.005,4.635,9.05,10
-0.986,4.683,9.165,0
-0.986,4.683,9.165,10
-1.034,4.702,9.213,10
-0.976,4.692,9.146,10
-0.833,4.683,9.241,0
-0.833,4.683,9.241,10
-0.871,4.606,9.443,0
-0.871,4.606,9.443,10
-0.871,4.673,9.404,10
-0.938,4.711,9.155,4
-0.938,4.711,9.155,10
-0.996,4.692,9.232,6
-0.957,4.654,9.107,0
-0.957,4.654,9.107,10
-0.919,4.644,9.127,10
-0.976,4.597,9.261,0
-0.976,4.597,9.261,10
-1.053,4.673,9.356,8
-1.053,4.673,9.356,10
-1.053,4.673,9.356,2
-1.034,4.74,9.299,10
-0.9,4.711,9.328,0
-0.9,4.711,9.328,10
-0.737,4.683,9.376,10
-0.775,4.625,9.328,0
-0.775,4.625,9.328,10
-0.804,4.616,9.328,10
-0.804,4.616,9.328,10
-0.871,4.606,9.222,0
-0.871,4.606,9.222,10
-0.842,4.606,9.194,10
-0.861,4.549,9.165,10
-0.756,4.491,9.452,0
-0.756,4.491,9.452,10
-0.632,4.395,9.337,10
-0.747,4.424,9.423,9
-0.747,4.424,9.423,10
-1.063,4.702,9.194,1
-1.063,4.702,9.194,10
-1.063,4.702,9.194,10
-1.216,4.788,8.964,0
-1.216,4.788,8.964,10
-1.235,4.855,8.715,10
-1.35,4.922,8.514,0
-1.35,4.922,8.514,10
-1.503,5.037,8.437,10
-1.628,5.037,8.638,10
-1.503,5.075,8.763,0
-1.503,5.075,8.763,10
-1.541,4.98,9.127,10
-1.426,4.913,9.232,0
-1.426,4.913,9.232,10
-1.446,4.999,9.155,10
-1.599,5.104,8.849,0
-1.599,5.104,8.849,10
-1.656,5.142,8.753,10
-1.752,5.305,8.418,0
-1.752,5.305,8.418,10
-1.704,5.334,8.312,0
-1.704,5.334,8.312,10
-1.733,5.277,8.38,10
-1.762,5.19,8.399,0
-1.762,5.19,8.399,10
-1.867,5.162,8.456,10
-1.79,5.238,8.466,0
-1.79,5.238,8.466,10
-1.886,5.142,8.561,10
-1.829,5.181,8.686,10
-1.771,5.171,9.002,0
-1.771,5.171,9.002,10
-1.723,5.152,9.021,10
-1.743,5.267,8.648,2
-1.743,5.267,8.648,10
-1.838,5.344,8.312,8
-1.877,5.334,8.121,10
-2.059,5.497,7.881,0
-2.059,5.497,7.881,10
-2.231,5.583,6.981,10
-2.672,6.024,3.945,0
-2.672,6.024,3.945,10
-2.719,5.698,7.412,0
-2.719,5.698,7.412,10
-2.806,5.372,7.709,2
-2.806,5.372,7.709,10
-2.691,5.277,8.083,8
-2.652,5.104,8.763,10
-2.834,5.229,9.203,0
-2.834,5.229,9.203,10
-2.633,5.458,9.395,10
-2.432,5.717,9.423,0
-2.432,5.717,9.423,10
-2.164,5.66,8.916,10
-1.723,5.487,7.489,0
-1.723,5.487,7.489,10
-2.145,5.679,7.192,7
-2.145,5.679,7.192,10
-2.145,5.535,7.479,3
-2.212,5.334,7.249,1
-2.212,5.334,7.249,10
-2.365,5.257,7.0,9
-2.49,5.248,7.067,10
-2.442,5.047,7.47,8
-2.442,5.047,7.47,10
-2.384,5.056,7.642,3
-2.116,4.846,7.814,9
-1.79,4.644,7.987,0
-1.79,4.644,7.987,10
-1.484,4.529,8.427,10
-1.101,4.386,8.887,0
-1.101,4.386,8.887,10
-0.861,4.213,9.203,0
-0.861,4.213,9.203,10
-0.852,4.185,9.711,3
-0.852,4.185,9.711,10
-0.67,4.108,9.979,7
-0.737,4.146,10.247,10
-0.766,4.175,10.41,10
-0.852,4.099,10.63,2
-0.852,4.099,10.63,10
-0.804,4.07,10.601,8
-0.67,3.907,10.486,2
-0.67,3.907,10.486,10
-0.565,3.878,10.266,8
-0.44,3.754,9.605,10
-0.392,3.466,9.739,2
-0.392,3.466,9.739,10
-0.383,3.265,9.835,2
-0.383,3.265,9.835,10