-0.402,4.252,9.347,0
-0.402,4.252,9.347,10
-0.411,4.213,9.471,4
-0.411,4.213,9.471,10
-0.565,4.309,10.027,6
-0.679,4.453,9.912,8
-0.67,4.348,9.596,0
-0.67,4.348,9.596,10
-0.651,4.309,9.404,1
-0.651,4.309,9.404,10
-0.67,4.328,9.49,10
-0.67,4.395,9.529,9
-0.632,4.424,9.586,0
-0.632,4.424,9.586,10
-0.565,4.28,9.596,10
-0.565,4.29,9.471,0
-0.565,4.29,9.471,10
-0.612,4.309,9.318,8
-0.612,4.309,9.318,10
-0.612,4.309,9.318,10
-0.612,4.309,9.318,1
-0.603,4.309,9.289,4
-0.603,4.309,9.289,10
-0.603,4.309,9.318,7
-0.526,4.223,9.462,0
-0.526,4.223,9.462,10
-0.622,4.328,9.51,6
-0.622,4.328,9.51,10
-0.699,4.367,9.51,7
-0.651,4.376,9.682,6
-0.593,4.29,9.73,1
-0.593,4.29,9.73,10
-0.498,4.3,9.778,9
-0.507,4.319,9.653,1
-0.507,4.319,9.653,10
-0.565,4.3,9.5,9
-0.488,4.367,9.414,2
-0.488,4.367,9.414,10
-0.66,4.462,9.347,9
-0.603,4.376,9.308,0
-0.603,4.376,9.308,10
-0.737,4.3,9.299,8
-0.737,4.3,9.299,10
-0.708,4.3,9.299,2
-0.737,4.29,9.241,10
-0.718,4.28,9.328,2
-0.718,4.28,9.328,10
-0.689,4.242,9.481,9
-0.584,4.223,9.356,0
-0.584,4.223,9.356,10
-0.565,4.175,9.395,9
-0.565,4.194,9.49,1
-0.565,4.194,9.49,10
-0.622,4.233,9.605,10
-0.67,4.271,9.548,1
-0.67,4.271,9.548,10
-0.699,4.338,9.519,0
-0.699,4.338,9.519,10
-0.699,4.357,9.5,9
-0.718,4.338,9.49,9
-0.66,4.338,9.529,0
-0.66,4.338,9.529,10
-0.708,4.367,9.567,1
-0.708,4.367,9.567,10
-0.679,4.405,9.625,0
-0.679,4.405,9.625,10
-0.718,4.395,9.548,8
-0.756,4.319,9.529,2
-0.756,4.319,9.529,10
-0.651,4.271,9.548,8
-0.66,4.328,9.404,4
-0.66,4.328,9.404,10
-0.66,4.261,9.404,7
-0.747,4.28,9.462,2
-0.747,4.28,9.462,10
-0.699,4.204,9.538,7
-0.699,4.261,9.586,1
-0.699,4.261,9.586,10
-0.689,4.233,9.644,0
-0.689,4.233,9.644,10
-0.641,4.175,9.538,5
-0.641,4.175,9.538,10
-0.593,4.204,9.49,6
-0.679,4.3,9.51,9
-0.66,4.3,9.538,9
-0.593,4.28,9.385,1
-0.593,4.28,9.385,10
-0.622,4.242,9.385,9
-0.67,4.271,9.5,2
-0.67,4.271,9.5,10
-0.679,4.309,9.462,8
-0.727,4.338,9.538,1
-0.727,4.338,9.538,10
-0.766,4.357,9.557,9
-0.794,4.319,9.605,2
-0.794,4.319,9.605,10
-0.775,4.29,9.519,8
-0.747,4.252,9.337,3
-0.747,4.252,9.337,10
-0.766,4.166,9.261,7
-0.9,4.242,9.318,1
-0.9,4.242,9.318,10
-0.785,4.29,9.49,9
-0.842,4.271,9.634,1
-0.842,4.271,9.634,10
-0.928,4.367,9.902,9
-0.928,4.367,9.902,10
-0.881,4.376,9.778,1
-0.881,4.376,9.778,10
-0.833,4.453,9.644,10
-0.775,4.367,9.596,9
-0.785,4.338,9.701,1
-0.785,4.338,9.701,10
-0.89,4.405,9.548,9
-1.072,4.482,9.395,2
-1.072,4.482,9.395,10
-1.177,4.491,9.328,8
-1.369,4.558,9.261,10
-1.513,4.654,9.05,0
-1.513,4.654,9.05,10
-1.522,4.616,9.155,1
-1.522,4.616,9.155,10
-1.465,4.568,9.347,9
-1.417,4.501,9.423,0
-1.417,4.501,9.423,10
-1.331,4.529,9.5,10
-1.34,4.462,9.414,0
-1.34,4.462,9.414,10
-1.398,4.587,9.318,0
-1.398,4.587,9.318,10
-1.541,4.587,9.232,10
-1.637,4.711,9.308,10
-1.714,4.683,9.423,0
-1.714,4.683,9.423,10
-1.781,4.75,9.146,0
-1.781,4.75,9.146,10
-2.03,4.951,8.81,0
-2.03,4.951,8.81,10
-2.365,4.213,11.435,10
-2.317,5.65,9.912,10
-2.346,5.152,11.674,0
-2.346,5.152,11.674,10
-1.963,5.123,10.688,10
-1.35,4.826,8.437,0
-1.35,4.826,8.437,10
-1.139,4.549,8.073,10
-1.283,4.683,9.376,1
-1.283,4.683,9.376,10
-1.101,4.817,9.395,9
-1.235,4.788,8.753,0
-1.235,4.788,8.753,10
-1.321,4.597,8.561,9
-1.321,4.597,8.561,10
-1.426,4.529,8.561,2
-1.618,4.539,8.494,10
-1.474,4.443,8.887,9
-1.254,4.357,9.414,10
-0.986,4.194,9.548,10
-0.555,4.051,9.337,0
-0.555,4.051,9.337,10
-0.363,4.041,9.328,0
-0.363,4.041,9.328,10
-0.287,4.06,9.376,1
-0.287,4.06,9.376,10
-0.277,4.166,9.5,9
-0.239,4.242,9.462,0
-0.239,4.242,9.462,10
-0.229,4.223,9.548,0
-0.229,4.223,9.548,10
-0.316,4.319,9.529,10
-0.459,4.213,9.5,0
-0.459,4.213,9.5,10
-0.545,4.3,9.423,0
-0.545,4.3,9.423,10
-0.641,4.3,9.452,10
-0.517,4.223,9.299,9
-0.517,4.223,9.299,10
-0.517,4.223,9.299,2
-0.45,4.194,9.299,10
-0.469,4.079,9.443,9
-0.526,4.118,9.749,1
-0.526,4.118,9.749,10
-0.44,4.223,9.969,9
-0.459,4.185,9.874,3
-0.459,4.185,9.874,10
-0.536,4.29,9.663,1
-0.536,4.29,9.663,10
-0.517,4.3,9.586,7
-0.545,4.338,9.462,9
-0.488,4.252,9.194,3
-0.488,4.252,9.194,10
-0.507,4.175,9.174,7
-0.459,4.185,9.49,1
-0.459,4.185,9.49,10
-0.478,4.156,9.519,0
-0.478,4.156,9.519,10
-0.507,4.185,9.538,2
-0.507,4.185,9.538,10
-0.459,4.242,9.663,7
-0.498,4.213,9.711,0
-0.498,4.213,9.711,10
-0.488,4.175,9.577,10
-0.44,4.099,9.308,1
-0.44,4.099,9.308,10
-0.517,4.175,9.356,1
-0.517,4.175,9.356,10
-0.517,4.185,9.443,8
-0.632,4.261,9.538,2
-0.632,4.261,9.538,10
-0.584,4.338,9.682,1
-0.584,4.338,9.682,10
-0.536,4.29,9.634,7
-0.526,4.29,9.682,2
-0.526,4.29,9.682,10
-0.574,4.328,9.701,0
-0.574,4.328,9.701,10
-0.603,4.3,9.682,9
-0.517,4.28,9.663,9
-0.498,4.28,9.663,0
-0.498,4.28,9.663,10
-0.44,4.319,9.462,1
-0.44,4.319,9.462,10
-0.43,4.204,9.452,9
-0.44,4.156,9.452,10
-0.45,4.213,9.49,1
-0.45,4.213,9.49,10
-0.45,4.233,9.5,10
-0.402,4.137,9.471,9
-0.402,4.137,9.471,10
-0.478,4.185,9.51,1
-0.478,4.185,9.51,10
-0.507,4.223,9.423,9
-0.478,4.175,9.423,1
-0.478,4.175,9.423,10
-0.498,4.166,9.462,9
-0.44,4.127,9.376,1
-0.44,4.127,9.376,10
-0.517,4.233,9.49,0
-0.517,4.233,9.49,10
-0.565,4.252,9.395,1
-0.565,4.252,9.395,10
-0.507,4.223,9.356,8
-0.565,4.156,9.452,10
-0.411,4.137,9.663,2
-0.411,4.137,9.663,10
-0.43,4.204,9.672,8
-0.498,4.252,9.452,2
-0.498,4.252,9.452,10
-0.574,4.309,9.567,8
-0.708,4.405,9.711,10
-0.737,4.395,9.529,0
-0.737,4.395,9.529,10
-0.718,4.453,9.203,0
-0.718,4.453,9.203,10
-0.823,4.338,9.194,10
-0.928,4.376,9.337,0
-0.928,4.376,9.337,10
-0.938,4.424,9.423,10
-1.034,4.395,9.557,0
-1.034,4.395,9.557,10
-1.12,4.51,9.672,10
-1.168,4.616,9.672,4
-1.168,4.616,9.672,10
-1.168,4.616,9.672,10
-1.225,4.577,9.529,6
-1.35,4.654,9.376,6
-1.35,4.654,9.376,10
-1.34,4.664,9.366,5
-1.225,4.568,9.308,9
-1.072,4.51,9.366,1
-1.072,4.51,9.366,10
-1.053,4.51,9.366,9
-1.101,4.52,9.481,8
-1.101,4.52,9.481,10
-1.024,4.539,9.385,2
-0.996,4.443,9.385,0
-0.996,4.443,9.385,10
-0.967,4.386,9.423,0
-0.967,4.386,9.423,10
-0.976,4.415,9.596,10
-1.024,4.367,9.577,0
-1.024,4.367,9.577,10
-1.063,4.424,9.5,1
-1.063,4.424,9.5,10
-0.919,4.395,9.299,9
-0.823,4.309,9.385,10
-0.842,4.309,9.366,10
-0.919,4.415,9.462,9
-0.919,4.415,9.462,10
-0.861,4.462,9.452,2
-0.919,4.462,9.328,1
-0.919,4.462,9.328,10
-0.881,4.376,9.308,9
-0.804,4.348,9.318,9
-0.852,4.328,9.337,1
-0.852,4.328,9.337,10
-0.938,4.395,9.414,5
-0.938,4.395,9.414,10
-0.9,4.386,9.395,4
-0.919,4.424,9.443,1
-0.919,4.424,9.443,10
-1.005,4.529,9.49,0
-1.005,4.529,9.49,10
-0.957,4.51,9.538,9
-0.957,4.52,9.548,0
-0.957,4.52,9.548,10
-0.938,4.529,9.548,2
-0.938,4.529,9.548,10
-0.871,4.491,9.5,9
-0.9,4.453,9.481,9
-0.89,4.424,9.462,10
-0.909,4.453,9.404,1
-0.909,4.453,9.404,10
-0.976,4.443,9.213,9
-0.957,4.453,9.385,0
-0.957,4.453,9.385,10
-0.881,4.415,9.299,3
-0.881,4.415,9.299,10
-0.833,4.405,9.289,7
-0.871,4.434,9.423,0
-0.871,4.434,9.423,10
-0.842,4.462,9.51,1
-0.842,4.462,9.51,10
-0.842,4.462,9.51,10
-0.775,4.472,9.462,10
-0.775,4.434,9.28,9
-0.756,4.405,9.49,1
-0.756,4.405,9.49,10
-0.718,4.443,9.586,10
-0.689,4.376,9.481,1
-0.689,4.376,9.481,10
-0.718,4.376,9.51,8
-0.632,4.309,9.414,10
-0.632,4.415,9.423,0
-0.632,4.415,9.423,10
-0.622,4.309,9.356,0
-0.622,4.309,9.356,10
-0.622,4.309,9.356,10
-0.632,4.395,9.538,10
-0.545,4.367,9.481,1
-0.545,4.367,9.481,10
-0.565,4.386,9.625,9
-0.565,4.386,9.625,5
-0.565,4.386,9.625,10
-0.641,4.405,9.443,6
-0.756,4.501,9.452,10
-0.785,4.443,9.519,9
-0.756,4.491,9.519,1
-0.756,4.491,9.519,10
-0.794,4.453,9.5,10
-0.708,4.462,9.49,0
-0.708,4.462,9.49,10
-0.727,4.491,9.395,10
-0.679,4.558,9.395,2
-0.679,4.558,9.395,10
-0.708,4.568,9.385,0
-0.708,4.568,9.385,10
-0.756,4.597,9.318,9
-0.747,4.606,9.452,1
-0.747,4.606,9.452,10
-0.699,4.577,9.452,9
-0.766,4.606,9.605,9
-0.737,4.558,9.548,0
-0.737,4.558,9.548,10
-0.67,4.577,9.5,10
-0.708,4.539,9.462,10
-0.699,4.529,9.51,9
-0.66,4.434,9.471,10
-0.651,4.424,9.423,0
-0.651,4.424,9.423,10
-0.641,4.357,9.5,0
-0.641,4.357,9.5,10
-0.66,4.319,9.423,0
-0.66,4.319,9.423,10
-0.593,4.357,9.366,1
-0.593,4.357,9.366,10
-0.66,4.261,9.356,0
-0.66,4.261,9.356,10
-0.612,4.261,9.347,9
-0.708,4.3,9.308,1
-0.708,4.3,9.308,10
-0.708,4.348,9.088,9
-0.737,4.319,9.098,0
-0.737,4.319,9.098,10
-0.814,4.29,8.916,3
-0.814,4.29,8.916,10
-0.804,4.271,8.964,7
-0.794,4.204,9.031,10
-0.794,4.204,9.031,10
-0.9,4.242,9.194,0
-0.9,4.242,9.194,10
-0.861,4.213,9.27,10
-0.909,4.194,9.194,10
-0.861,4.213,9.155,0
-0.861,4.213,9.155,10
-0.948,4.319,9.328,2
-0.948,4.319,9.328,10
-0.928,4.309,9.423,8
-1.034,4.405,9.481,1
-1.034,4.405,9.481,10
-0.986,4.386,9.577,9
-1.043,4.415,9.577,4
-1.043,4.415,9.577,10
-1.024,4.405,9.577,6
-1.11,4.491,9.548,0
-1.11,4.491,9.548,10
-1.168,4.539,9.51,2
-1.168,4.539,9.51,10
-1.197,4.568,9.462,9
-1.292,4.568,9.51,9
-1.235,4.587,9.577,10
-1.177,4.52,9.529,0
-1.177,4.52,9.529,10
-1.12,4.482,9.596,1
-1.12,4.482,9.596,10
-1.149,4.443,9.567,9
-1.091,4.386,9.462,10
-1.158,4.348,9.5,10
-1.139,4.338,9.538,1
-1.139,4.338,9.538,10
-1.12,4.338,9.51,9
-1.13,4.376,9.519,1
-1.13,4.376,9.519,10
-0.967,4.328,9.443,9
-0.938,4.204,9.366,10
-0.938,4.242,9.462,0
-0.938,4.242,9.462,10
-0.967,4.194,9.49,10
-1.043,4.261,9.462,0
-1.043,4.261,9.462,10
-1.082,4.348,9.356,10
-1.149,4.328,9.328,10
-1.187,4.309,9.318,0
-1.187,4.309,9.318,10
-1.187,4.309,9.337,10
-1.206,4.309,9.395,1
-1.206,4.309,9.395,10
-1.216,4.386,9.395,9
-1.245,4.376,9.51,0
-1.245,4.376,9.51,10
-1.149,4.367,9.682,10
-1.149,4.367,9.682,10
-1.043,4.309,9.72,2
-1.043,4.309,9.72,10
-1.024,4.328,9.73,8
-1.015,4.29,9.72,10
-1.043,4.348,9.586,0
-1.043,4.348,9.586,10
-1.158,4.386,9.625,0
-1.158,4.386,9.625,10
-1.206,4.309,9.586,1
-1.206,4.309,9.586,10
-1.245,4.338,9.653,9
-1.264,4.367,9.596,0
-1.264,4.367,9.596,10
-1.35,4.376,9.586,10
-1.302,4.309,9.605,0
-1.302,4.309,9.605,10
-1.283,4.367,9.596,10
-1.302,4.338,9.548,0
-1.302,4.338,9.548,10
-1.35,4.376,9.625,2
-1.35,4.376,9.625,10
-1.273,4.405,9.577,8
-1.168,4.338,9.538,1
-1.168,4.338,9.538,10
-1.168,4.28,9.462,9
-1.12,4.213,9.385,10
-1.11,4.213,9.49,2
-1.11,4.213,9.49,10
-1.072,4.204,9.443,8
-0.967,4.137,9.423,1
-0.967,4.137,9.423,10
-0.996,4.099,9.423,9
-0.948,4.06,9.404,1
-0.948,4.06,9.404,10
-0.89,3.945,9.366,9
-0.871,3.955,9.347,2
-0.871,3.955,9.347,10
-0.957,3.945,9.481,8
-0.871,3.993,9.529,1
-0.871,3.993,9.529,10
-0.909,3.955,9.462,9
-0.948,3.945,9.443,2
-0.948,3.945,9.443,10
-1.005,4.002,9.481,8
-0.909,3.974,9.548,10
-0.957,4.031,9.711,1
-0.957,4.031,9.711,10
-0.957,4.031,9.711,10
-0.967,4.031,9.634,9
-0.986,4.051,9.701,1
-0.986,4.051,9.701,10
-1.043,4.06,9.605,9
-1.043,4.108,9.567,1
-1.043,4.108,9.567,10
-1.139,4.223,9.49,0
-1.139,4.223,9.49,10
-1.13,4.137,9.529,10
-1.254,4.242,9.471,9
-1.12,4.156,9.538,1
-1.12,4.156,9.538,10
-1.168,4.261,9.634,9
-1.177,4.242,9.644,10
-1.225,4.309,9.711,10
-1.254,4.376,9.72,0
-1.254,4.376,9.72,10
-1.264,4.348,9.73,1
-1.264,4.348,9.73,10
-1.245,4.309,9.854,0
-1.245,4.309,9.854,10
-1.197,4.415,9.893,3
-1.197,4.415,9.893,10
-1.206,4.357,9.893,6
-1.206,4.357,9.893,10
-1.158,4.386,9.883,2
-1.158,4.386,9.883,10
-1.149,4.309,9.96,8
-1.12,4.328,9.835,1
-1.12,4.328,9.835,10
-1.283,4.309,9.874,9
-1.063,4.252,9.663,2
-1.063,4.252,9.663,10
-1.063,4.185,9.711,8
-1.043,4.146,9.644,1
-1.043,4.146,9.644,10
-0.986,4.07,9.519,9
-1.024,4.089,9.529,10
-1.015,3.974,9.538,2
-1.015,3.974,9.538,10
-1.015,4.021,9.567,8
-0.957,4.012,9.519,10
-0.976,3.974,9.519,1
-0.976,3.974,9.519,10
-0.986,4.051,9.5,9
-0.996,3.993,9.462,1
-0.996,3.993,9.462,10
-1.034,4.041,9.548,9
-1.101,4.146,9.557,1
-1.101,4.146,9.557,10
-0.996,4.051,9.567,9
-0.996,4.051,9.567,10
-1.024,4.079,9.596,10
-0.996,4.127,9.462,0
-0.996,4.127,9.462,10
-0.996,4.051,9.5,1
-0.996,4.051,9.5,10
-0.919,4.031,9.567,1
-0.919,4.031,9.567,10
-0.871,4.051,9.605,9
-0.89,4.118,9.577,9
-0.976,4.089,9.596,1
-0.976,4.089,9.596,10
-0.938,4.07,9.605,0
-0.938,4.07,9.605,10
-0.996,4.118,9.663,0
-0.996,4.118,9.663,10
-0.976,4.089,9.663,1
-0.976,4.089,9.663,10
-1.043,4.146,9.625,0
-1.043,4.146,9.625,10
-1.015,4.127,9.605,8
-1.101,4.185,9.634,10
-1.034,4.156,9.625,1
-1.034,4.156,9.625,10
-1.034,4.108,9.644,10
-0.919,4.051,9.596,10
-0.957,4.108,9.644,9
-0.919,4.002,9.49,1
-0.919,4.002,9.49,10
-0.938,3.974,9.452,9
-0.976,4.031,9.519,3
-0.976,4.031,9.519,10
-0.919,3.984,9.51,7
-0.881,3.984,9.471,1
-0.881,3.984,9.471,10
-0.823,3.984,9.519,10
-0.823,3.984,9.519,10
-0.9,3.964,9.557,0
-0.9,3.964,9.557,10
-0.814,4.002,9.596,2
-0.814,4.002,9.596,10
-0.909,4.021,9.557,7
-0.909,4.041,9.596,3
-0.909,4.041,9.596,10
-0.967,4.051,9.653,9
-0.938,4.108,9.625,9
-0.928,4.108,9.529,9
-0.996,4.012,9.625,1
-0.996,4.012,9.625,10
-1.053,4.099,9.72,9
-1.005,4.089,9.672,1
-1.005,4.089,9.672,10
-0.967,4.156,9.701,9
-0.948,4.06,9.644,1
-0.948,4.06,9.644,10
-0.881,4.051,9.682,9
-0.919,4.051,9.711,3
-0.919,4.051,9.711,10
-1.005,4.108,9.644,7
-0.957,4.137,9.692,1
-0.957,4.137,9.692,10
-0.948,4.156,9.653,0
-0.948,4.156,9.653,10
-0.919,4.051,9.577,0
-0.919,4.051,9.577,10
-0.957,4.118,9.682,9
-1.015,4.185,9.672,3
-1.015,4.185,9.672,10
-1.043,4.156,9.634,7
-1.034,4.175,9.596,10
-0.986,4.146,9.653,1
-0.986,4.146,9.653,10
-0.948,4.137,9.672,0
-0.948,4.137,9.672,10
-0.957,4.118,9.634,10
-0.948,4.146,9.653,0
-0.948,4.146,9.653,10
-0.948,4.089,9.672,10
-0.919,4.079,9.644,10
-0.909,4.118,9.605,9
-0.948,4.079,9.644,10
-0.938,4.099,9.634,0
-0.938,4.099,9.634,10
-0.948,4.146,9.529,0
-0.948,4.146,9.529,10
-0.919,4.099,9.586,10
-0.909,4.089,9.596,1
-0.909,4.089,9.596,10
-0.89,4.089,9.481,9
-0.928,4.079,9.481,9
-0.928,4.079,9.481,10
-0.881,4.041,9.443,1
-0.881,4.041,9.443,10
-0.861,4.031,9.5,0
-0.861,4.031,9.5,10
-0.861,4.041,9.51,10
-0.842,4.012,9.443,0
-0.842,4.012,9.443,10
-0.804,4.021,9.567,10
-0.948,4.021,9.529,0
-0.948,4.021,9.529,10
-0.948,4.079,9.557,10
-0.948,4.127,9.596,10
-0.919,4.166,9.567,0
-0.919,4.166,9.567,10
-0.996,4.166,9.605,10
-0.996,4.175,9.577,1
-0.996,4.175,9.577,10
-1.024,4.223,9.692,9
-0.976,4.137,9.567,1
-0.976,4.137,9.567,10
-0.948,4.127,9.605,9
-0.9,4.175,9.548,10
-0.909,4.137,9.567,1
-0.909,4.137,9.567,10
-0.909,4.175,9.519,9
-0.9,4.108,9.529,0
-0.9,4.108,9.529,10
-0.928,4.146,9.586,1
-0.928,4.146,9.586,10
-0.948,4.175,9.567,9
-0.948,4.127,9.653,0
-0.948,4.127,9.653,10
-0.957,4.175,9.644,1
-0.957,4.175,9.644,10
-0.976,4.137,9.625,9
-1.034,4.213,9.596,0
-1.034,4.213,9.596,10
-1.005,4.166,9.548,1
-1.005,4.166,9.548,10
-1.043,4.213,9.634,9
-1.005,4.252,9.634,0
-1.005,4.252,9.634,10
-0.928,4.137,9.49,10
-0.957,4.185,9.49,1
-0.957,4.185,9.49,10
-1.005,4.166,9.51,10
-1.005,4.166,9.51,10
-0.986,4.175,9.567,9
-1.015,4.194,9.557,0
-1.015,4.194,9.557,10
-0.9,4.156,9.634,0
-0.9,4.156,9.634,10
-0.996,4.127,9.577,10
-0.957,4.185,9.567,10
-0.996,4.156,9.529,0
-0.996,4.156,9.529,10
-0.986,4.194,9.634,10
-0.967,4.185,9.625,0
-0.967,4.185,9.625,10
-1.015,4.156,9.577,1
-1.015,4.156,9.577,10
-0.928,4.204,9.538,9
-0.957,4.223,9.644,1
-0.957,4.223,9.644,10
-0.919,4.28,9.701,9
-1.005,4.194,9.672,0
-1.005,4.194,9.672,10
-0.938,4.233,9.538,0
-0.938,4.233,9.538,10
-0.957,4.118,9.385,0
-0.957,4.118,9.385,10
-1.034,4.28,9.557,10
-0.957,4.213,9.557,10
-1.015,4.185,9.605,0
-1.015,4.185,9.605,10
-0.957,4.233,9.548,1
-0.957,4.233,9.548,10
-0.948,4.194,9.577,0
-0.948,4.194,9.577,10
-0.986,4.213,9.567,9
-1.005,4.233,9.567,10
-0.996,4.261,9.557,0
-0.996,4.261,9.557,10
-0.909,4.204,9.577,10
-0.919,4.175,9.557,2
-0.919,4.175,9.557,10
-0.9,4.185,9.586,9
-0.89,4.118,9.586,9
-0.928,4.156,9.605,0
-0.928,4.156,9.605,10
-0.861,4.213,9.538,0
-0.861,4.213,9.538,10
-0.948,4.194,9.567,2
-0.948,4.194,9.567,10
-0.919,4.137,9.548,9
-1.015,4.213,9.577,9
-0.996,4.213,9.605,10
-0.948,4.127,9.5,3
-0.948,4.127,9.5,10
-0.976,4.118,9.596,7
-0.957,4.242,9.625,0
-0.957,4.242,9.625,10
-1.034,4.194,9.519,10
-0.928,4.204,9.414,0
-0.928,4.204,9.414,10
-1.015,4.242,9.471,0
-1.015,4.242,9.471,10
-0.919,4.242,9.404,10
-0.976,4.271,9.462,0
-0.976,4.271,9.462,10
-0.909,4.175,9.481,10
-0.967,4.261,9.596,0
-0.967,4.261,9.596,10
-0.919,4.28,9.519,0
-0.919,4.28,9.519,10
-0.881,4.242,9.471,10
-0.881,4.233,9.548,0
-0.881,4.233,9.548,10
-0.9,4.233,9.557,10
-0.871,4.204,9.653,0
-0.871,4.204,9.653,10
-0.89,4.242,9.625,0
-0.89,4.242,9.625,10
-0.861,4.233,9.548,0
-0.861,4.233,9.548,10
-0.928,4.271,9.586,10
-0.919,4.3,9.538,0
-0.919,4.3,9.538,10
-0.976,4.261,9.462,1
-0.976,4.261,9.462,10
-0.919,4.28,9.462,7
-0.919,4.28,9.462,10
-0.948,4.223,9.443,2
-0.833,4.156,9.443,1
-0.833,4.156,9.443,10
-0.833,4.233,9.462,9
-0.833,4.204,9.471,0
-0.833,4.204,9.471,10
-0.794,4.204,9.414,10
-0.823,4.223,9.471,1
-0.823,4.223,9.471,10
-0.928,4.252,9.49,9
-0.852,4.242,9.471,0
-0.852,4.242,9.471,10
-0.852,4.242,9.471,10
-0.948,4.194,9.567,10
-0.938,4.271,9.596,4
-0.938,4.271,9.596,10
-0.9,4.242,9.519,8
-0.996,4.29,9.5,8
-1.034,4.309,9.452,0
-1.034,4.309,9.452,10
-0.967,4.328,9.471,10
-0.928,4.271,9.51,3
-0.928,4.271,9.51,10
-0.938,4.309,9.5,8
-0.928,4.357,9.596,9
-0.976,4.309,9.471,1
-0.976,4.309,9.471,10
-0.957,4.376,9.519,9
-0.9,4.3,9.567,1
-0.9,4.3,9.567,10
-0.919,4.213,9.471,0
-0.919,4.213,9.471,10
-0.881,4.233,9.452,1
-0.881,4.233,9.452,10
-0.909,4.223,9.49,10
-0.881,4.29,9.471,8
-0.871,4.261,9.51,0
-0.871,4.261,9.51,10
-0.852,4.309,9.471,10
-0.909,4.261,9.49,1
-0.909,4.261,9.49,10
-0.909,4.261,9.452,10
-0.881,4.261,9.519,9
-0.861,4.3,9.644,0
-0.861,4.3,9.644,10
-0.871,4.29,9.567,10
-0.957,4.338,9.586,2
-0.957,4.338,9.586,10
-0.909,4.309,9.644,8
-0.881,4.261,9.577,10
-0.967,4.233,9.538,0
-0.967,4.233,9.538,10
-0.957,4.3,9.538,10
-0.996,4.29,9.385,1
-0.996,4.29,9.385,10
-1.139,4.252,9.414,0
-1.139,4.252,9.414,10
-1.053,4.194,9.404,9
-1.015,4.223,9.395,10
-1.024,4.204,9.423,0
-1.024,4.204,9.423,10
-1.063,4.252,9.423,10
-1.053,4.28,9.462,0
-1.053,4.28,9.462,10
-0.986,4.3,9.481,10
-1.015,4.261,9.443,0
-1.015,4.261,9.443,10
-0.986,4.271,9.605,6
-0.986,4.271,9.605,10
-1.005,4.233,9.529,8
-1.043,4.233,9.538,6
-1.024,4.261,9.548,0
-1.024,4.261,9.548,10
-1.034,4.252,9.538,10
-1.082,4.29,9.548,1
-1.082,4.29,9.548,10
-1.053,4.242,9.51,2
-1.053,4.242,9.51,10
-1.091,4.28,9.548,8
-1.139,4.252,9.557,9
-1.12,4.261,9.538,1
-1.12,4.261,9.538,10
-1.177,4.261,9.49,9
-1.149,4.223,9.586,0
-1.149,4.223,9.586,10
-1.139,4.242,9.51,10
-0.976,4.213,9.414,1
-0.976,4.213,9.414,10
-1.197,4.309,9.625,9
-1.245,4.338,9.462,10
-1.082,4.29,9.385,10
-1.225,4.29,9.481,0
-1.225,4.29,9.481,10
-1.024,4.338,9.653,10
-1.292,4.233,9.787,0
-1.292,4.233,9.787,10
-1.225,4.376,9.653,10
-1.245,4.376,9.605,0
-1.245,4.376,9.605,10
-1.446,4.405,9.519,0
-1.446,4.405,9.519,10
-1.398,4.357,9.337,0
-1.398,4.357,9.337,10
-1.474,4.348,9.414,10
-1.455,4.376,9.481,10
-1.551,4.376,9.634,10
-1.465,4.376,9.586,3
-1.465,4.376,9.586,10
-1.474,4.386,9.596,8
-1.494,4.367,9.739,9
-1.599,4.424,9.538,10
-1.666,4.482,9.548,0
-1.666,4.482,9.548,10
-1.714,4.462,9.768,0
-1.714,4.462,9.768,10
-1.819,4.52,9.787,10
-1.819,4.482,9.577,10
-2.145,4.673,3.466,10
-2.221,4.213,10.812,10
-2.183,4.692,10.41,0
-2.183,4.692,10.41,10
-2.25,4.903,10.946,1
-2.25,4.903,10.946,10
-2.164,4.788,11.846,0
-2.164,4.788,11.846,10
-1.723,4.683,11.157,9
-1.13,4.3,10.391,10
-1.072,4.491,8.005,7
-1.072,4.491,8.005,10
-1.426,4.568,8.667,4
-1.379,4.644,9.538,10
-1.494,4.769,8.954,9
-1.551,4.577,8.648,10
-1.714,4.357,8.638,1
-1.714,4.357,8.638,10
-1.867,4.376,8.935,9
-1.8,4.252,9.098,10
-1.58,4.137,9.557,10
-1.082,3.936,9.414,0
-1.082,3.936,9.414,10
-0.775,3.639,9.136,0
-0.775,3.639,9.136,10
-0.45,3.61,8.973,10
-0.469,3.639,9.404,1
-0.469,3.639,9.404,10
-0.574,3.955,9.557,9
-0.823,4.021,9.299,10
-0.996,4.194,9.117,0
-0.996,4.194,9.117,10
-1.082,4.271,9.203,0
-1.082,4.271,9.203,10
-1.139,4.328,9.299,1
-1.139,4.328,9.299,10
-1.283,4.405,9.5,9
-1.35,4.424,9.376,10
-1.264,4.472,9.174,0
-1.264,4.472,9.174,10
-1.245,4.472,9.079,1
-1.245,4.472,9.079,10
-1.206,4.501,9.232,0
-1.206,4.501,9.232,10
-1.082,4.319,9.347,1
-1.082,4.319,9.347,10
-1.139,4.319,9.682,9
-1.149,4.213,9.768,9
-1.177,4.271,9.711,10
-1.216,4.271,9.557,10
-1.494,4.386,9.462,9
-1.494,4.386,9.462,10
